-9.404837690127114680e-01 -8.581597285273764308e-01 0.000000000000000000e+00
1.164097002592073826e+00 7.359291496356432649e-01 -1.311378893518105604e-01
3.870395207752361788e-01 -4.300557710359618341e-02 1.892388348406227536e-02
7.009890097214390714e-01 2.121158850462318349e-02 2.021425549091307727e-01
5.688569974318614664e-01 -6.279824666162557856e-01 -4.406424743339134448e-02
2.451161819346162757e-02 -4.086783346272918616e-01 0.000000000000000000e+00
6.101207203126118861e-01 -2.352117420032043549e-01 1.762252675289685822e-01
1.974720167627051215e-01 -1.102307153971564313e+00 -1.199746643803974722e-01
-1.796173510087044844e+00 3.099644432898906454e-01 -1.601745474549777226e-01
1.386669764575771957e+00 1.005987527359671674e+00 -2.155853899063770451e-01
-5.012233501776593991e-01 2.687553307758833721e-01 -3.301482783904176044e-01
-1.254448932211926326e+00 1.602092800200872746e-01 -9.610493367793272734e-02
6.148751282630577908e-01 8.543527907507380004e-01 -2.513752715895541390e-01
1.549406098659034670e-01 -3.727985574066117747e-01 -1.238008953867708178e-01
6.088791497477543668e-01 1.650132270824570480e+00 -3.778722081509079400e-01
-5.336500885267092542e-01 6.720957331202367380e-01 -6.270344155512539430e-01
-6.550040332568591618e-03 -2.584573236943056296e-01 0.000000000000000000e+00
-1.706065164727035011e-01 -3.922312448201412671e-01 0.000000000000000000e+00
1.400942491626603892e-01 -8.602909411595091038e-01 -9.324405873189323124e-02
2.628313496795271487e-01 -9.256254844713887042e-01 -1.866418544620729036e-01
-1.646798235826571200e-01 -1.825725581373481565e-01 0.000000000000000000e+00
4.766466372897896764e-01 -1.099704753082945130e+00 -3.724079882824621324e-01
5.565201132977644349e-02 4.247794406391427469e-01 -3.496773248161841319e-01
8.247784250931955094e-03 -6.836285877538097466e-01 0.000000000000000000e+00
-5.441471953516836546e-01 1.485986024628203617e-01 -2.373096162490329897e-01
-3.193279914671405262e-01 -8.487563383269376704e-02 -4.868474173190173171e-01
-1.248678303075642787e-01 -2.958491735505372477e-01 0.000000000000000000e+00
-6.535197309009150857e-01 -7.566467548525896980e-01 0.000000000000000000e+00
-4.467162226046825224e-01 9.330983635624595651e-01 -8.044742602231585993e-01
-1.479626871514726771e-01 -5.313647361060388485e-01 0.000000000000000000e+00
-8.213714362421983273e-01 6.832117923573568508e-01 1.698832006123588700e-01
-7.717200938538377741e-01 1.319239723270689613e+00 -1.289768661664015548e-01
