189 177
11 12
73 19
104 20
128 20
163 20
189 20
233 19
257 40
231 41
206 41
181 41
157 41
131 41
107 41
74 41
43 42
19 39
20 63
45 65
89 64
145 66
193 66
244 67
242 106
194 103
146 102
112 101
79 100
38 98
18 94
19 116
50 121
81 122
124 125
170 126
218 128
265 133
264 157
228 153
192 150
135 146
103 144
72 143
43 141
12 131
13 151
35 161
64 163
93 165
125 167
157 169
203 174
250 179
249 202
249 202
214 197
180 194
147 190
115 187
85 184
56 182
17 174
18 203
49 208
97 212
158 216
201 218
235 220
232 233
190 231
160 229
130 228
92 226
64 225
37 223
13 219
16 233
15 15
39 14
59 14
101 14
154 14
193 13
244 13
288 13
290 25
246 26
203 27
163 28
124 28
95 29
67 29
28 30
8 26
9 70
38 75
70 75
104 76
133 76
171 77
235 78
252 78
294 79
292 129
258 127
233 126
209 125
171 123
149 122
114 121
86 119
54 117
29 116
11 113
25 136
56 138
68 139
87 140
114 142
149 144
164 145
178 146
201 147
232 149
257 151
291 153
289 176
256 173
232 171
208 170
186 168
157 166
128 164
95 161
82 160
57 158
39 156
10 151
11 176
30 180
47 182
71 185
90 186
109 188
130 191
150 192
171 194
193 197
223 199
246 202
287 205
284 226
245 224
222 223
186 220
164 219
137 217
117 215
98 213
79 210
61 208
32 205
16 202
17 220
