-7.361932428687844032e-01 3.599190808615546078e-02 -1.862666547363401801e-02
-1.216365945369398460e+00 -1.094233424374374097e+00 0.000000000000000000e+00
-7.415635384356736859e-01 -3.021814191615103118e-01 0.000000000000000000e+00
-5.741928657337089792e-01 -1.058231050281692592e-01 0.000000000000000000e+00
-7.214733089276299527e-01 -6.863104472734835593e-01 0.000000000000000000e+00
7.996722045862653117e-01 -2.148755379389238329e-01 -1.619687466854342617e-01
2.426194188856546727e-03 -7.703917677313001366e-01 0.000000000000000000e+00
1.137484452103699084e+00 5.212989060489899851e-01 -6.780111759037964203e-02
-7.456980926791896280e-01 8.406034461700250260e-01 -5.906436664299113959e-02
1.053875724729564679e-02 -4.283590150902027438e-01 0.000000000000000000e+00
-4.826317169008801922e-01 -4.387506899360976154e-01 0.000000000000000000e+00
4.784449618645030822e-01 -1.331004274724806535e+00 -2.380585795760218060e-01
2.258161104984609535e-01 1.991973814091906603e-01 -2.051723868734234846e-01
-2.856817587493359900e-01 7.015893756275518589e-01 5.051627318955496243e-02
-1.748296402422628293e-01 4.628200348657114938e-01 -4.650833169578748039e-01
-6.922571302945095262e-01 4.825313238316274456e-01 -8.935186543272825854e-02
-7.832622342550819017e-01 1.052111721952145640e+00 -4.081746682468560539e-01
1.893893435702326822e-01 -7.572990687447126446e-01 9.035130084900835912e-02
-1.780740900806642990e-01 -1.293715784793130208e-01 0.000000000000000000e+00
3.083329422953013377e-01 -7.988303006441961618e-02 -1.776460627226640610e-01
-6.595074000265600533e-01 6.649338996338077790e-02 -7.346161944522514031e-02
-6.434489246224329717e-01 2.391704663058609459e-01 -3.206095656105487635e-01
-1.372575495188866013e+00 7.445971109380199460e-01 -5.713450876962702374e-01
-1.394405929311294701e+00 -4.880686682417620381e-01 0.000000000000000000e+00
-8.502068597857586063e-01 5.860684330655127061e-01 -9.289970371909454794e-02
3.649742964165453296e-01 -5.100190409837412897e-01 1.788246941312582050e-01
3.182297216947647250e-02 -8.368894695097849334e-01 0.000000000000000000e+00
1.210099414116441174e+00 1.690121648811274413e-01 -1.104149477724160194e-01
3.856950197200538777e-01 -1.342120725753478183e+00 -1.852964060778362620e-01
-1.171372148772032107e+00 2.007595843948867809e-01 -3.332454502482196795e-02
1.169608525774824992e+00 1.151025875914724939e+00 -2.394019827031496628e-01
4.077567654649008055e-01 -3.119054733288044168e-01 -4.734121408509090467e-01
