0.099646 0.099602
-0.400378 0.699592
-0.400377 0.419616
-0.380335 0.360386
-0.380334 0.300384
-0.380333 0.230385
-0.380331 0.140386
-0.419463 0.010888
-0.330383 0.008700
-0.370356 0.049650
-0.370355 0.089614
-0.370357 0.140385
-0.370356 0.199616
-0.370355 0.279593
-0.370354 0.359617
-0.370353 0.480370
-0.370351 0.550374
-0.379625 0.650385
-0.280383 0.650385
-0.280382 0.569584
-0.280381 0.400379
-0.280379 0.250387
-0.280377 0.120374
-0.280376 0.008700
-0.200364 0.008700
-0.200363 0.099604
-0.200362 0.250385
-0.200360 0.360385
-0.200359 0.469613
-0.210356 0.620357
-0.210354 0.719630
-0.139613 0.719630
-0.139613 0.580385
-0.139610 0.469630
-0.139609 0.330385
-0.139607 0.169616
-0.139606 0.029598
-0.139605 0.008700
-0.050384 0.008700
-0.050384 0.008700
-0.030384 0.099604
-0.030383 0.270375
-0.030381 0.400384
-0.030381 0.509614
-0.030379 0.609616
-0.030378 0.769615
0.049636 0.769615
0.049637 0.650379
0.049637 0.550331
0.049638 0.450331
0.049639 0.320383
0.049639 0.200391
0.049640 0.080384
0.049640 0.008700
0.049642 0.008700
0.119616 0.008700
0.119617 0.050373
0.100371 0.149671
0.100372 0.249669
0.100373 0.370357
0.100374 0.479617
0.100376 0.579671
0.119630 0.749638
0.210360 0.719615
0.210361 0.600324
0.210363 0.450348
0.210365 0.250379
0.210366 0.070374
0.210367 0.008700
0.380360 0.008700
0.380361 0.129643
0.380363 0.219642
0.350385 0.339630
0.350386 0.440412
0.350388 0.560357
0.350389 0.670374
0.350390 0.750375
0.469586 0.750374
