1.280851942201659766e+00 3.285191352241507268e+00 -4.699736346813302212e+00
-3.083611777415282140e-01 1.797323861488303365e+00 -1.971595806560122899e+00
3.101480546344668743e-01 9.262228357081910834e-01 -1.916354264127848817e+00
3.076468326147254739e-01 1.033092608523787995e-02 -5.260101476639511553e-02
6.152493749283310942e-01 1.119479694930084479e+00 -3.928654708521301525e-02
-7.519644227029405326e-02 -1.047584135950279771e+00 8.614369140471543895e-01
-2.481881173514577654e-01 4.306115536708464142e-01 -8.223502570661658795e-02
3.345805460100402251e-01 1.285293343925955289e+00 -1.565261912360302210e+00
1.263114946886851053e-01 1.449373741360615586e-01 -2.310122500078122809e-01
3.342740037075334070e-01 2.167649716691337491e-01 -2.243505112372741195e-01
7.447166670192691962e-01 1.304932769602010545e+00 -2.119011818030095640e+00
3.274813394299299629e-01 1.225613676372949268e+00 -1.363322554444938328e+00
6.617852095430053205e-03 3.149131747185925367e-01 -8.279821388405557425e-02
2.069398922876085900e-01 1.632075777317172127e+00 -4.258509854904322101e-01
2.577214243149389628e+00 3.937056231719863741e-01 -2.655090460256765095e+00
-5.518361456697369327e-01 3.117404322918519433e-01 2.000953413982837492e-01
1.002072974065687294e+00 -6.319598001982941193e-01 -2.891952203572382141e-01
2.977407408991131210e-01 8.288279117902884463e-02 -1.549939693868838675e-01
2.720392110240657524e-01 3.491700400710091579e-01 -4.750478426959816279e-03
-6.597253987685520737e-01 1.375735582139207658e+00 -5.053366421019414023e-01
6.246507260190696798e-01 3.110593353314374809e-01 -1.982906473376357115e-01
7.666328226051354333e-01 1.102330320211600441e-02 -3.868312205682526983e-01
1.088069485808197845e+00 4.376875849971803012e-01 -2.000508006150182316e-01
1.137411638852070306e+00 1.948472071756156332e+00 -3.469772520716238429e+00
1.726788638824519717e+00 1.372861459189504973e+00 -2.278632745069631760e+00
4.329224210035728104e-01 4.209262390607360071e-01 -1.217701287806287613e+00
-1.620944349425635367e-01 5.403081573201939936e-01 -2.061878555154272874e-01
2.624771552138316921e-01 2.746894946913394642e-01 -4.830560936407913425e-02
8.569605084767890901e-02 -1.374015505389533098e-01 -3.036154936761459311e-01
4.919405410713429405e-01 2.650993270701038074e-01 1.282593281910675634e-02
1.316872642077611122e+00 -5.134843974782771214e-01 -1.407169934276638834e+00
6.578141186509239846e-01 -1.858959664279217008e-02 -2.039797730557850741e-01
