189 177
11 12
73 19
104 20
128 20
163 20
189 20
233 19
257 40
231 41
206 41
181 41
157 41
131 41
107 41
74 41
43 42
19 39
20 63
45 65
89 64
145 66
193 66
244 67
242 106
194 103
146 102
112 101
79 100
38 98
18 94
19 116
50 121
81 122
124 125
170 126
218 128
265 133
264 157
228 153
192 150
135 146
103 144
72 143
43 141
12 131
13 151
35 161
64 163
93 165
125 167
157 169
203 174
250 179
249 202
249 202
214 197
180 194
147 190
115 187
85 184
56 182
17 174
18 203
49 208
97 212
158 216
201 218
235 220
232 233
190 231
160 229
130 228
92 226
64 225
37 223
13 219
16 233
